from sklearn.ensemble import RandomForestClassifier
import random

X = [
     [2, 0, 110000, 3, 4, 2, 1, 101110, 0, 4],
     [2, 0, 111111, 2, 2, 2, 2, 111111, 4, 3],
     [2, 0, 111100, 4, 6, 2, 1, 100001, 0, 6],
     [3, 0, 110000, 3, 4, 3, 1, 101110, 0, 4],
     [2, 0, 100001, 2, 3, 2, 2, 101100, 4, 3],
     [2, 0, 111100, 4, 6, 2, 1, 100001, 0, 6],
     [1, 0, 100110, 1, 4, 1, 3, 101000, 3, 4],
     [2, 1, 110010, 0, 7, 2, 0, 110000, 0, 4],
     [2, 1, 101110, 0, 4, 2, 0, 110000, 3, 4],
     [2, 2, 101100, 4, 3, 2, 0, 100001, 2, 3],
     [3, 0, 110000, 3, 4, 3, 1, 101110, 0, 4],
     [1, 0, 111111, 2, 2, 1, 2, 111111, 4, 3],
     [1, 0, 111100, 4, 6, 1, 1, 100001, 0, 6],
     [1, 0, 110000, 3, 4, 1, 1, 101110, 0, 4],
     [1, 0, 100001, 2, 3, 1, 2, 101100, 4, 3],
     [1, 0, 111100, 4, 6, 1, 1, 100001, 0, 6],
     [2, 0, 100110, 1, 4, 2, 3, 101000, 3, 4],
     [1, 1, 110010, 0, 7, 1, 0, 110000, 0, 4],
     [1, 1, 101110, 0, 4, 1, 0, 110000, 3, 4],
     [1, 2, 101100, 4, 3, 1, 0, 100001, 2, 3],
     # ------
     [0, 0, 101001, 0, 4, 2, 0, 100000, 3, 2],
     [4, 3, 100110, 4, 2, 3, 3, 110010, 0, 1],
     [2, 0, 100000, 3, 2, 4, 0, 101001, 0, 4],
     [1, 0, 101001, 0, 4, 0, 0, 100000, 3, 2],
     [1, 3, 100110, 4, 2, 0, 3, 110010, 0, 1],
     [1, 0, 100000, 3, 2, 0, 0, 101001, 0, 4],
     [3, 3, 110010, 0, 1, 1, 3, 100110, 4, 2],
     [2, 1, 110010, 2, 4, 3, 1, 100000, 0, 4],
     [4, 0, 110000, 3, 2, 2, 1, 111100, 4, 3],
     [2, 2, 111000, 1, 1, 3, 2, 100110, 3, 4],
     [1, 0, 101001, 0, 4, 2, 0, 100000, 3, 2],
     [1, 3, 100110, 4, 2, 3, 3, 110010, 0, 1],
     [1, 0, 100000, 3, 2, 4, 0, 101001, 0, 4],
     [1, 0, 101001, 0, 4, 1, 0, 100000, 3, 2],
     [1, 3, 100110, 4, 2, 3, 3, 110010, 0, 1],
     [1, 0, 100000, 3, 2, 1, 0, 101001, 0, 4],
     [3, 3, 110010, 0, 1, 1, 3, 100110, 4, 2],
     [2, 1, 110010, 2, 4, 1, 1, 100000, 0, 4],
     [4, 0, 110000, 3, 2, 1, 1, 111100, 4, 3],
     [1, 2, 111000, 1, 1, 1, 2, 100110, 3, 4]]

Y = [1, 1, 1, 1, 1, 1, 1, 1, 1, 1, 1, 1, 1, 1, 1, 1, 1, 1, 1, 1, 0, 0, 0, 0, 0, 0, 0, 0, 0, 0, 0, 0, 0, 0, 0, 0, 0, 0, 0, 0]

clf = RandomForestClassifier(n_estimators=10, random_state=0)
clf = clf.fit(X, Y)


Xtest = [
     [1, 1, 100001, 0, 6, 1, 0, 111100, 4, 6],
     [2, 3, 101000, 3, 4, 2, 0, 100110, 1, 4],
     [1, 0, 110000, 0, 4, 1, 1, 110010, 0, 7],
     [1, 1, 100001, 0, 6, 1, 0, 111100, 4, 6],
     [1, 1, 111111, 0, 6, 1, 0, 111111, 4, 6],
     [2, 1, 111111, 0, 6, 2, 0, 111111, 4, 6],
     # --
     [1, 1, 100000, 0, 4, 2, 1, 110010, 2, 4],
     [1, 1, 111100, 4, 3, 4, 0, 110000, 3, 2],
     [1, 1, 100000, 0, 4, 2, 1, 100010, 2, 0],
     [1, 1, 111100, 4, 3, 4, 0, 110000, 3, 2],
     [1, 2, 100110, 3, 4, 1, 2, 111000, 1, 1],
     [1, 1, 100000, 0, 1, 2, 1, 110010, 2, 4]]

Ytest = [1, 1, 1, 1, 1, 1, 0, 0, 0, 0, 0, 0]

print(clf.predict([[1, 1, 101010, 0, 4, 1, 0, 110000, 3, 4]]))
clf.score(Xtest, Ytest)
